7865
29
9561
5674
7449
9983
9045
6649
7937
3872
5569
6101
1518
5886
294
5124
9515
9548
9832
5847
7220
3260
8621
2978
6296
4312
9639
3865
7886
9289
1953
4163
3152
5562
3557
4216
2075
7463
3719
9026
2906
6411
5623
3179
7741
3929
3374
3190
1231
6307
2088
2101
5887
6444
6916
240
6837
7353
5517
2539
7973
1795
5258
998
6796
693
5106
3166
686
8595
2902
3784
2607
268
262
1229
2502
3845
105
464
5781
47
1157
4208
7411
5442
467
3115
2384
8020
5536
418
2196
747
3556
1837
2188
8441
5025
6790
7969
6903
4041
394
1312
9820
6561
4304
8344
7706
5732
4121
74
7234
671
8273
4316
8288
5363
1332
1387
6076
1180
3852
5440
8778
137
4815
4390
5978
7196
1996
2756
6782
5158
1662
1960
8372
7240
3665
1644
8866
2682
6927
5975
2749
9796
9471
5618
9120
7808
8199
7681
756
4892
8051
8785
8071
6524
3992
9619
5345
1374
2471
6984
8292
7097
530
6013
9762
3981
1448
3439
8013
8232
2016
3407
7685
5108
9636
2919
2551
3939
2794
3594
9545
2744
708
537
6677
6379
8753
6564
9799
8133
6207
1835
2465
4911
8080
9172
796
4599
4640
6070
1379
5561
6808
9718
1454
5057
3575
9240
9368
5464
9494
8110
6821
1152
7650
834
2207
2995
9793
5986
9977
9046
5812
1658
3197
8231
5369
8726
2720
5691
7029
1646
5654
2833
3306
7871
5462
9056
4775
5679
3320
5103
3066
2332
2810
8789
857
7668
9936
2082
6892
9401
1702
4921
5290
5090
9974
5270
8612
4505
5860
7690
6208
8464
8938
7798
5429
1286
2233
2301
5528
158
9089
6424
2673
1431
3106
5818
538
7972
2580
551
585
675
5703
9111
8052
3156
3718
9013
5414
3635
3990
3886
1073
4235
4354
6880
888
883
6687
4459
4164
4905
8259
10000
8287
4343
1912
3450
5121
4625
7730
383
891
6704
9002
1511
2868
1369
1264
7837
8320
4562
9612
9456
5093
3505
6390
3938
11
2772
2957
7908
5682
5848
5380
1376
5004
2768
785
1643
5153
6586
7089
2454
2642
7710
8545
2982
8412
8126
8503
877
4373
2487
1519
2608
7440
6460
130
9465
3610
7193
5968
8929
7946
7569
493
7842
9446
1328
4
2793
5480
564
4372
5737
1590
5530
5239
2271
1586
57
2228
5842
1839
8670
2535
2554
4749
5492
8354
6312
6431
2343
2498
8821
5520
3972
1378
491
7152
7058
9031
5172
3713
8531
9484
1874
6251
6349
3088
6333
5892
5525
5770
584
3550
5745
1051
567
8445
5007
5858
3776
135
9930
1851
428
2015
5515
7372
842
9078
6096
876
9724
4695
6367
9420
3045
5749
9173
5220
8847
9815
655
1836
1626
6038
497
1939
6172
4920
4854
861
9551
2212
771
6103
8382
7779
5476
913
8558
3518
9588
5917
9969
9362
2562
9449
2848
2918
2576
1738
7538
2253
5836
8028
3274
2375
2509
6407
7550
7408
6062
7827
2626
3853
2185
4445
448
2559
3429
6365
7022
3873
1330
6935
8
3181
7350
5775
4288
7996
5839
1329
228
303
4511
3875
7120
8065
3020
392
60
9463
9063
2898
5088
50
4386
4556
9767
1247
6027
3698
3567
1547
9960
8730
2477
5122
5687
1148
8282
426
8976
4184
8819
2797
2787
4177
9442
3100
2959
6669
8669
1133
3909
8384
6725
8629
4619
8343
3570
1653
3523
8563
7106
2062
5959
4368
7231
2635
9843
5606
603
3344
5053
9193
2282
9624
2154
5361
4454
3366
7953
4558
9322
5597
3467
6521
8340
9504
3997
8236
1789
3627
9789
1159
8751
5237
9823
6220
3195
3569
9537
8808
3291
2750
9349
5496
7521
226
1992
411
8918
6494
7853
703
4983
6445
2698
1538
8945
5207
1954
3369
2615
8247
8237
5054
1552
3806
2568
4155
4415
1990
7030
1924
8848
8677
7074
7066
6642
666
4033
4285
9727
2179
6728
5806
901
6546
5161
1666
2643
7683
1433
8608
994
8497
6210
6029
7111
7703
7410
8854
6615
3782
1575
5838
2522
5077
1581
2895
4391
4771
2722
7333
3401
5780
365
5883
8827
1021
9162
469
9419
3522
1183
5746
7968
2863
9164
4230
4218
3392
3549
9024
8889
3540
6871
6320
2944
8409
7143
6111
9489
9378
3960
4233
1715
6803
55
9480
6137
6140
983
8934
8491
8811
2832
2357
3399
8214
3937
1217
6348
9788
3042
9123
4498
8200
4948
2445
2663
7144
9681
2517
4073
4924
9328
2590
8518
955
9081
3009
2777
8383
9911
4344
2616
7006
5397
1902
2971
4586
6572
6601
5162
2198
2920
6654
5116
5487
6467
8882
6730
8109
4007
8742
3225
7959
1696
8538
9602
582
5938
8147
2150
8922
2192
7631
1531
2064
6829
6311
6083
5619
1579
6976
1249
4031
2166
6859
6263
4327
1126
2294
6633
7153
9695
6426
9949
1406
8529
7188
7958
6917
8154
9744
575
4403
4322
9101
8523
5033
7551
4887
2767
1944
7851
7763
4237
8138
1726
155
1916
9364
9844
679
61
5444
3385
8254
4166
8994
8468
4024
9293
4726
6597
4697
3010
5392
4003
1915
9294
4178
3121
6628
2702
3721
6986
1460
1888
4949
9057
689
1285
5964
6284
9802
2347
7587
3667
3300
9047
5915
529
3116
5105
4388
8001
2985
5384
6077
7160
7438
3764
284
5774
4009
9689
6221
2059
8956
1150
6625
4241
5437
9335
9224
373
6529
7809
1577
1002
5604
4341
4889
4820
8066
9217
8674
9810
7648
6035
9075
4051
4448
3008
7644
794
9280
7025
9938
8453
8389
6177
2488
6791
8711
7529
979
5675
7524
2759
2017
4890
9643
7265
6127
8864
7098
9182
4107
7726
6145
9939
2352
4480
5963
667
2798
6784
3839
3298
3867
5792
9409
4270
2516
8337
9451
9200
9664
9486
1631
4723
5671
5971
3700
9828
8849
5322
5514
8570
6405
6144
8942
2197
2227
5289
5589
5940
3240
6816
7352
5098
5456
6392
9037
5303
3861
656
8213
5748
6555
7137
3849
5203
6370
5175
3942
7936
1567
6811
6711
1372
6142
4555
5740
2537
2
657
9608
929
6603
4095
7691
5629
2983
9354
1701
8926
310
3040
8797
9188
2989
1325
8317
7926
1034
7021
3750
4665
7186
8781
6491
9415
7429
7386
6937
7488
549
5704
4938
3318
680
4909
1120
1050
5355
3206
6502
1556
9868
589
1722
8194
1688
8692
5228
5212
7274
8920
8631
3357
5243
9022
836
8516
9042
5786
472
3504
7822
6123
1802
6897
4044
3747
9771
7426
7571
2987
687
5540
1868
3185
3019
8106
8170
8243
2618
691
8783
3905
6538
7870
1925
6442
9410
4743
287
1824
9411
2311
9891
4440
7215
5325
6850
6906
5911
3073
8746
83
1248
1574
5850
6500
8585
5351
6681
5874
8090
4451
4502
9015
2531
1062
1583
8758
4644
7843
5310
7642
8007
3601
7919
5981
4067
3078
9229
882
9808
9663
4053
5849
3832
3512
7458
2717
9609
4752
4868
7594
1976
6729
4299
6489
6428
2004
5922
4852
6875
1840
9457
9659
1896
2038
6300
6006
9329
3076
376
5690
3452
6638
4769
3964
4717
5694
5926
375
6344
1598
2051
9312
9156
4901
7192
8085
3484
5208
8241
2873
6174
7038
139
4120
4835
8339
8081
7154
5767
5759
6074
5028
9661
898
5381
1906
6702
7295
8796
7991
5313
9096
4320
6047
6650
9435
8551
8542
9966
2295
1198
2878
4729
1548
8839
8981
9555
7927
8875
4673
3014
9462
3448
8779
8662
2129
2760
8530
5626
2970
6634
9373
3994
217
2203
3755
5943
5485
7151
2659
6230
3287
6685
4190
8359
1338
2499
4822
7737
9417
1302
5779
9407
7778
2844
9603
8184
432
5522
2077
3593
6105
6165
7678
5473
9012
5658
6722
5405
4534
337
9363
7626
7041
1445
7540
7373
7139
3796
4130
1425
9623
8228
5040
3499
6117
8373
480
9859
9850
6894
1373
5262
2525
2272
8473
7413
3592
9637
4575
9053
8258
4778
7189
4189
6888
1829
3411
5967
753
8695
3910
8983
5813
1901
6992
389
527
8148
5231
8470
1095
3494
5769
8653
5524
8311
8620
1222
2975
9052
3462
4851
6245
4979
5494
6822
3987
9113
6384
323
5360
8064
1197
520
9204
9732
893
6792
5727
8044
8108
8689
2268
6088
609
1750
9019
7086
4352
3666
7719
7628
6305
6282
4318
4055
594
7385
2337
4082
7278
9140
319
7943
966
106
7280
2862
9158
8395
683
149
2795
8668
2053
8590
4183
570
4557
6760
4592
7874
3470
5665
724
1292
5785
8018
3127
8433
6971
555
5024
2704
8615
3890
3192
4154
4668
8146
4842
8101
4928
7129
7346
5447
8534
7422
2112
7781
2788
5081
3578
1920
5479
5026
8457
5499
2843
6540
8579
2776
990
4382
8393
8891
4063
9315
9069
7226
9656
8063
7620
2548
4321
8142
4908
3671
5058
9476
4819
1218
3930
6054
3789
5048
4869
1499
5341
2296
87
4676
1748
288
8336
8401
5226
5768
3307
9455
9592
1758
1936
8910
2594
9155
3383
9116
5893
7171
8322
4269
8242
2854
6869
5286
3005
4037
5309
4200
9412
7306
968
6342
9834
4205
8374
9813
4912
6430
6522
1206
8823
7932
1443
1650
7603
6068
1716
6689
7861
9268
5178
3031
1393
8757
5406
9427
8909
3163
9693
7214
3887
2270
48
2376
3165
1879
9337
8702
5877
4507
3350
3605
7658
6873
4535
2561
6132
1985
715
4293
325
5803
2274
9893
6679
108
345
6528
8978
4885
3340
9685
3500
7785
2786
1054
3636
3583
7123
2686
4151
3394
3050
5555
1798
3263
8290
2370
3869
5895
6513
9285
8985
5420
8671
3690
3970
3879
6457
6330
6299
7163
3535
2713
6219
2547
5250
8149
3332
7977
6465
8246
9734
2671
792
3313
5490
5563
3089
5295
2697
5559
1846
256
7078
6622
2715
4462
5869
1615
5334
1326
9232
4871
7682
8405
976
1751
4810
6870
8426
2463
5725
1087
906
2719
7441
9050
3214
8855
3555
1957
6944
1675
1419
4141
5458
4429
2275
3189
871
5750
512
9272
4888
7503
1084
222
4551
35
3210
1024
5867
9416
4530
5702
7508
7149
673
4641
3035
1344
1971
1411
1274
4606
4510
4089
5595
9106
6434
1359
8113
8557
6541
790
4727
1080
5508
706
7862
7629
8222
3515
5669
366
145
3697
8768
1733
2011
3292
1986
7555
2486
934
6891
6517
7736
8914
6056
3406
1785
8244
1219
2852
3487
7466
8769
3954
5299
2532
9324
2242
9962
9336
1331
1446
4092
8009
712
2662
8312
5193
3590
6075
5621
6766
7761
5335
7279
4069
9175
3275
9926
5603
7184
3140
8911
3743
7325
7238
6404
54
3506
2379
9595
8083
7179
315
9935
4783
870
2226
5333
3096
4816
1143
15
4529
3579
6714
2527
6889
1154
6114
2456
3134
7301
9493
3125
9567
2900
6197
3098
6945
7162
7496
526
1949
441
7921
9696
5999
8105
8798
8249
6459
1048
1413
7814
2952
9961
1533
9296
7729
2575
7978
5891
3817
3033
7225
2587
7885
9269
1049
7884
6735
1362
7303
6449
2409
3509
1315
3270
7697
4705
6695
4148
7669
9728
562
1724
7834
1043
4929
6223
9523
1025
2563
9618
3562
8616
6950
1492
7780
6048
2333
7085
6357
1289
2309
1720
6793
8432
9023
8203
4226
581
2980
7728
5650
9682
3827
8736
267
9281
2214
6339
5201
1337
4302
2319
528
4010
7961
5279
2057
6243
6417
9483
2571
9325
141
4891
4159
6964
7846
4215
6059
1948
4181
6554
1974
2899
9282
4473
1926
6562
6468
2152
4700
5152
9351
8072
6180
9920
9892
2388
8556
1686
7873
5676
2467
396
4834
1588
4744
791
283
9202
3485
3746
9171
7562
6089
5834
3634
7083
1994
2541
4210
725
7199
9454
5758
8980
4351
2165
4057
3779
9614
2619
6867
3524
5274
2549
2061
8925
1455
3893
6630
3802
8082
321
494
3410
7925
3773
3501
9452
2211
7641
6288
296
6783
3474
6164
5795
4098
5367
5636
4508
7784
2391
438
9097
7110
6759
2681
4029
9957
3445
6526
3751
7001
9288
2877
8816
1734
5957
6949
6008
4995
9731
5029
6495
9812
6773
7614
6755
8130
7328
6623
3580
4953
5920
3143
3464
7734
6124
1147
532
6256
8885
1973
760
5280
8703
6205
2307
3455
697
4068
5772
4686
7349
937
6983
3516
7649
1517
7268
1903
2171
5560
5648
7251
7476
198
7750
4604
7823
3386
5245
4455
7635
7195
5973
7023
9406
5255
9487
4977
460
1224
2994
4333
5010
2506
3466
3377
541
8025
4389
2503
550
7253
5628
1779
7593
6343
6136
2689
89
8263
6313
9524
9632
3673
3095
4932
10
8055
8881
3289
1178
2533
8466
5587
8481
9715
7672
3543
4433
3899
1059
7148
1440
7150
6135
6316
1794
5570
8801
7875
8005
2765
2741
776
2044
205
6942
8846
6543
7136
62
241
2435
8580
9505
8824
7052
2834
4248
7539
9747
6882
176
4193
2468
3838
8749
8088
6912
1283
3517
4126
2846
1799
4307
6079
9594
9098
8261
253
9585
1300
3184
1394
4413
8515
7599
1321
4424
4282
9343
9492
5395
6090
1030
3595
4581
3425
6861
7442
9863
398
3984
5592
9607
4650
8307
4656
8396
1386
8024
948
3624
5825
4393
4070
8774
354
9862
5678
9307
9017
5120
6161
3209
3552
3609
6968
2743
3538
8485
4728
8276
3164
2684
7787
9854
4522
6918
6997
2951
604
7717
2137
19
2177
8120
3781
7833
4487
9426
5576
165
7290
2083
9147
1725
5751
4489
4663
1843
9908
8951
3686
2035
9251
5387
1917
4384
3279
7176
5885
9798
7852
5012
1041
7256
9981
6179
7928
4047
4580
3744
9189
1921
959
6929
9518
2455
2474
8010
9367
1228
9550
9366
5547
5998
9414
3017
5430
6720
8800
5509
4956
2556
3830
4993
8701
3947
6978
5347
8459
9948
8446
3895
7469
6053
3656
9018
6061
9890
4999
2069
3956
7689
18
8211
885
4100
4798
5617
1792
5647
6589
9058
9365
7929
4145
941
2946
4893
7563
216
3342
3431
2156
4225
6511
4594
681
5198
5934
3086
7564
3815
5904
4273
3278
3421
8489
4087
5043
8187
7282
5052
2204
9993
32
104
8543
9989
4579
3607
4787
161
8122
1094
8553
9211
4550
7974
6336
6878
9735
9000
1831
4435
6715
8700
4416
412
3694
8837
1291
6255
238
1952
6510
8937
276
3310
6363
8505
5293
6592
1364
8117
3761
4990
867
4213
2937
1707
4468
908
4281
3758
8439
7637
5092
3687
9381
4643
6188
3520
4736
6683
6436
8157
6879
2819
3151
8924
7264
2027
5060
1040
9005
1250
3675
8642
9736
28
5489
4799
3539
27
614
2910
4838
5898
5259
8998
5224
2931
1599
5398
5919
4168
9439
8334
9054
6643
1698
1596
2815
3674
8987
317
8597
580
2386
7010
8772
8127
1881
8116
7042
7247
7731
7409
2766
3118
6936
3631
1397
3404
4635
7262
4492
2408
3433
1233
6293
8111
4902
5875
5350
845
4985
6497
2451
3062
1946
4683
6639
3251
533
2645
1278
2727
5693
2315
7288
8079
4156
8678
2904
7298
9909
1697
7414
8089
8560
8916
3716
5460
2095
4931
2355
3856
7881
5913
4271
7367
7735
2240
3883
6106
5761
6621
9539
9531
7952
7155
7393
9532
6471
6667
9230
452
8817
3301
9998
9464
7766
521
3241
827
7065
9425
1166
8790
7616
9760
9126
4946
515
259
3158
2529
719
3526
4175
4572
1867
5659
5599
8561
5102
6419
6996
8679
8391
3931
6115
4528
6214
8131
6544
5133
1786
9350
2623
1020
1308
7906
4149
769
8356
4103
3157
7004
3196
5752
6402
4012
4864
8747
6418
7033
2703
7156
5486
1941
2395
8289
7134
477
5909
9491
9655
5567
1907
2916
7470
3541
7933
2348
6327
4789
4997
6921
7146
8264
6427
419
9851
559
7751
751
5914
5985
8430
8665
8867
9247
2566
4119
2981
3091
4862
7112
8048
954
6044
3977
5050
5773
8814
1241
2396
7774
3007
4652
1309
4671
7783
3963
9326
6306
9256
4827
7336
5992
177
8371
7985
1850
4167
6479
7457
8160
5432
1458
3652
6967
4417
4379
8802
2860
1487
227
6545
1353
6007
8897
7210
5337
8630
9290
5145
9869
8139
7434
4804
2243
6733
6610
9707
2598
3810
3084
8533
4976
1576
6163
1940
7568
1611
9390
8853
1536
2893
1525
3840
9942
8394
6166
5312
1339
8076
8041
8176
474
8086
4162
5342
495
9928
1614
1718
163
4651
7738
5044
9065
4371
5657
3709
9987
5881
4791
6472
2291
4860
3398
8756
1167
5510
5906
6170
7739
6039
8366
6754
4446
4585
1983
5275
3200
7088
1938
3735
7201
3130
6846
9717
2958
2424
6699
4203
7433
6438
676
2373
4519
9344
437
7091
9470
4219
7102
9500
3113
2172
6016
1104
1910
9589
849
2299
5950
6932
3648
5204
5470
3612
6211
5506
6862
102
5324
9498
399
1823
5246
9447
3759
7878
5896
6247
5110
638
7204
1532
7570
1562
1083
7317
3654
6321
1530
9221
4127
4259
7544
2020
8189
2914
7971
6423
7664
4603
4061
8269
5611
6119
3412
9849
3063
4036
5521
5379
9719
4020
3339
5697
8535
5507
9667
9474
1991
6515
5013
6946
8953
5205
2674
6042
5588
9781
6237
2599
3104
7723
3233
7696
8185
2218
5500
3620
3079
8507
4438
5426
2751
8645
2178
2813
3212
6273
4309
6824
3554
4460
5478
8495
8294
9927
9979
1270
6294
8598
601
5391
3988
3085
3290
2252
5266
4272
7621
6398
8566
5154
912
7990
1496
4632
3918
1039
6895
490
3460
8164
4569
3486
3584
1693
6865
9332
1213
2364
765
2288
9901
5418
2690
5811
6235
305
5015
9124
3117
3081
8036
2601
8810
7830
2908
7182
848
2582
682
9605
8618
6746
1469
3336
4877
8498
600
3851
7819
7515
8745
2442
6194
1032
2886
8486
4698
6883
332
9968
8431
8870
7806
3961
6647
5845
3191
7576
8313
5719
1000
8299
3169
5741
9166
8871
9840
6116
3940
678
3161
8971
470
4707
7246
9644
2231
8915
7397
7746
989
7517
2405
6577
2638
7907
5568
8256
6680
5149
1174
8750
2158
608
5512
4303
9822
4648
547
9180
5852
5979
3626
978
7722
9153
6931
1106
3148
947
992
1066
5000
406
9708
1803
9138
449
5061
3641
8984
2817
2043
3660
4039
3180
1237
4859
6691
7624
2707
1791
2104
5872
8715
2508
7889
7135
8862
1186
1569
5709
4661
1089
9786
1409
6749
8593
7103
6377
1988
1361
6776
9634
984
4691
1239
2732
5167
6474
3874
759
1299
4959
745
6158
6063
1811
4521
5393
1173
9616
8731
1674
3795
1471
5137
7954
7448
7796
9127
75
8135
5047
1380
7167
2780
1559
8511
7518
3814
2716
1026
8165
3282
859
5805
714
7676
1319
9507
3574
8008
8420
8419
9091
3341
8841
5416
9025
8492
981
5169
1592
3704
3136
6193
4765
7976
9374
4637
1298
459
9044
5827
4957
6138
9704
1854
7816
4227
3128
9259
9748
8478
94
5423
9885
4772
3502
7824
5326
8773
8195
6226
6887
9102
4224
6641
7794
1625
815
2335
6753
9428
5573
5753
4319
7868
853
8676
2119
7207
2024
3041
3
1187
1099
9931
540
2093
4840
2055
7371
9674
516
1420
630
1201
3619
4623
9003
6682
1314
5001
8234
8141
8795
1028
1097
417
5377
4895
2903
8349
3766
5614
1410
6229
6322
7424
793
781
8939
133
4265
6082
1637
8407
9276
6315
8004
6507
951
4132
9895
737
3444
2436
5717
9963
846
5762
2009
7659
2330
4800
5132
4962
2610
6877
4919
3876
6057
3803
4171
2441
4883
3426
9255
8224
1230
9434
5720
9918
6785
8330
2933
6078
9873
8238
6095
7752
9310
3316
4855
5428
8522
3097
936
37
939
7715
3857
1383
9437
2367
9576
4614
6994
4667
40
4105
7773
2924
2191
8805
2176
596
9864
2926
2183
8500
9697
5021
7000
2138
9444
5835
8861
7634
8156
147
7604
4246
1006
7556
5894
775
3108
5627
4481
5031
9574
1195
2640
8271
7720
1956
2241
831
4755
2536
1498
5715
7892
9227
9076
6122
3317
1093
9535
8352
5983
7259
5756
115
3846
1267
6756
6614
7513
6673
5584
6204
8879
7399
4000
4971
3507
80
3405
6051
962
5302
5141
9950
9779
340
8102
3695
7901
6094
9036
4833
633
2284
9385
3528
2696
6046
5829
6826
5634
5080
9845
9347
5590
7067
7661
5888
6397
2961
7502
4655
4338
7248
7168
5248
9599
4539
806
195
7714
1090
9842
9376
4349
1381
4310
7802
7337
4951
1904
1061
292
9646
7667
3378
5831
7101
2708
5765
8647
6341
7776
9453
6843
4363
2934
4255
4848
7765
8042
8667
3571
5532
7002
5738
5821
7662
1434
8014
1210
3237
5935
4721
3639
9318
511
2784
4780
7428
1671
6660
7904
5529
6676
1587
2807
9402
9749
6086
6767
7161
8943
3561
4941
4754
9606
1632
5383
5897
613
4472
6786
3714
6215
5961
6030
7432
9346
3965
7008
3269
7677
662
1503
4422
8835
4137
814
3423
328
7684
2358
2930
1417
4965
8006
8968
3725
3284
5804
92
9074
1872
3064
591
8209
2636
3352
33
6383
7177
1700
5581
1680
2664
3881
4093
8490
4987
8664
9904
290
770
6314
3831
8831
723
2265
2593
7898
9380
8011
8592
2824
4005
5382
4818
7592
200
4845
9766
3277
3003
514
2789
1014
1782
3408
1037
3811
3188
9371
9236
2081
9321
5223
4153
8840
3591
8562
1493
9299
3141
6198
7361
6587
8270
6276
2577
8633
7894
3985
7733
3828
9596
1297
873
79
9699
8917
16
6534
6326
6395
6904
1284
6958
4414
8714
7713
1075
624
3842
7511
1412
9094
1293
4331
1968
6213
1763
7916
1060
2325
9459
9190
6961
4570
1117
3586
8552
4690
9460
5495
8661
2677
4737
7345
5638
2049
3564
5624
9861
1863
5564
4634
4122
4392
3109
6512
795
8681
7341
2520
2366
7950
6387
4465
3884
4821
3805
7923
2005
9871
7198
4385
7740
7896
1998
5982
5194
7708
5323
8623
9910
7081
1474
6800
5538
4825
571
9964
9792
1661
3503
4362
6947
6619
4795
5557
4086
6684
64
6938
6225
5445
9688
7057
1357
8454
5151
2085
9249
4759
1261
4308
5065
7299
2023
6055
4180
6658
9940
1821
7633
3402
5873
1528
2261
879
5396
6421
7609
5417
8053
4906
6553
5956
1348
9860
6817
8919
9673
659
8787
5346
5856
8345
5254
6287
3822
9700
535
8504
7474
461
1316
2644
4170
8285
1065
5018
7998
7840
5171
1922
116
5908
5095
6700
732
6087
3380
279
5037
5871
8740
7293
9109
5960
297
7092
4649
7575
2372
8716
9041
85
1121
8964
2668
4829
7567
4284
8599
6454
1038
5185
8588
3807
2382
4062
8628
1069
9672
6005
9660
2200
7588
5251
132
3762
1682
8852
8434
9669
7647
3712
2074
384
1935
5866
6807
3598
2831
9591
6831
1023
4032
2340
9510
8792
7374
250
7069
2097
3472
5211
3482
7044
2803
8221
7368
4002
427
5912
892
186
6651
7169
3110
6331
8782
622
9291
1310
23
6688
7460
8253
5364
5109
7542
70
6393
6868
3980
6940
7270
1416
5035
635
884
2028
9658
4136
9331
5253
1628
6751
4878
8928
2462
7340
1859
9988
7514
5571
4290
8423
6752
999
7655
2073
7611
6351
5672
3372
8955
8074
1405
866
8321
9805
1484
1500
8069
4526
5125
9260
2221
6416
6043
5209
9899
1081
4490
8610
7322
1273
4266
6024
8399
7988
801
3633
1162
616
1215
270
8975
9755
56
7821
3049
3959
90
2022
1130
4573
7326
8326
6020
6389
197
2692
3027
5410
1812
3058
1677
6556
239
6612
3345
6607
4409
8777
2125
2613
9359
3976
9534
1370
8820
9829
2839
2505
4028
628
7128
8878
1568
2929
5546
471
7342
3955
2949
4630
2820
7131
4702
3786
5148
6951
1199
1115
7007
3681
2139
6734
5118
7351
1340
4185
4295
7915
7777
7239
9848
7296
3177
6716
462
2187
1796
9104
6490
1984
3204
1160
1717
9821
9675
4926
8351
6613
8049
2802
6872
2731
6569
3071
4806
5830
9079
368
1317
3258
3453
9443
2706
6813
3348
5840
5073
7597
1822
1398
617
9627
5491
3949
9525
8171
985
5348
615
4484
1225
8606
7261
4914
1251
5778
7289
5503
6557
2107
4936
577
8813
2685
4701
24
4263
8858
1068
7507
7049
3213
7510
9679
9725
2652
6052
4515
7375
9741
4475
8794
5091
3220
5903
7574
4692
4450
377
5828
1951
3004
4873
4129
7348
8034
7068
5791
4220
6461
9384
8546
5970
7105
3286
8583
2632
3837
118
5789
6361
9356
6264
5068
3565
9214
4817
9676
1177
7909
8693
2219
2736
4847
9757
4249
7072
4280
6452
6303
9478
6635
9461
3171
6631
7528
7205
3891
9267
3087
4064
2721
8569
9208
3243
144
4402
2805
9912
3250
8732
9009
6624
1125
3070
3974
9884
2942
6012
2310
750
8734
6473
1962
8806
2591
3122
4628
71
1529
2511
8754
5408
445
4377
5217
1451
2849
6435
9035
6761
5438
1972
6371
6620
7519
9292
7018
1555
9997
1475
8151
8995
960
6987
7080
4404
4615
7073
1335
2249
2586
1252
3360
3632
6368
9295
2600
9433
5453
7045
5880
6176
3253
9772
4360
3131
9635
8825
6835
6466
4395
2500
8406
665
7546
8739
6923
8761
395
6318
6560
8305
6721
2065
351
9549
2724
2001
8378
8427
9560
3850
4516
1275
7913
889
9448
8114
7742
3025
8571
8035
3226
1864
8638
6594
4716
1382
5846
9191
2739
4264
7347
378
9782
7287
6206
6588
2481
9784
2235
2974
7108
694
3442
4939
6091
3123
3153
6456
2855
3756
9743
4814
8838
1134
5854
7559
7398
5233
6686
6464
405
8899
7315
6596
1334
5181
4761
7311
8625
9087
4636
4583
6049
5477
5160
1969
4313
4803
8387
9990
6563
9770
3325
456
2540
4910
5822
7960
2338
9774
7323
6242
6845
2145
973
843
9070
1778
1989
6934
3432
8565
2573
6690
2999
6360
1934
6559
4627
5372
6604
4541
851
6249
8437
8577
2655
4040
5771
2045
8268
1254
7578
7670
4239
7489
7452
2425
6359
829
7166
4400
946
446
670
8267
1423
1271
2887
2896
3446
6618
3052
8770
5114
7486
4525
2135
9625
9108
7181
552
4152
7036
4045
8737
22
8650
3752
7887
4066
4763
7418
2758
502
5556
7338
1616
5400
3415
4710
5859
251
230
381
5622
5249
4182
2342
8136
2105
8659
920
7219
6914
1118
2195
2287
6582
8764
271
1136
6486
5712
3265
8060
1196
6922
1355
152
2661
4123
1704
5824
1077
5625
2029
9141
9178
9665
1204
710
7099
5518
1482
8581
9729
1341
5356
7580
3617
2747
7965
9338
8303
2267
1875
8301
8775
5565
5183
3294
6593
4116
9830
5332
8140
9777
9165
8574
2752
3459
9472
1640
6599
8512
1501
810
1047
7982
824
2476
6858
5170
8482
7313
4720
6801
5966
7598
9342
1891
6409
3854
2665
896
3016
3309
3259
5594
5502
9241
275
1905
465
9105
38
5729
8435
1478
4195
6709
1609
9526
3514
7879
5349
2350
9769
6232
3819
265
5988
3858
146
3133
3338
8398
9709
9330
7056
4138
9511
1800
4764
7811
799
1690
9517
6741
9252
7501
2174
1708
9791
6446
5843
3299
506
486
5641
3102
5930
6943
5862
3615
3907
560
7693
4358
805
4672
4536
1375
1760
308
2964
8685
5166
1137
6960
4524
8573
598
5463
3915
6129
9174
4359
2010
4330
2429
6991
9467
3913
1584
7790
6565
1604
1769
7077
1428
2411
9870
3205
4251
6907
6071
6723
5439
1333
4527
9297
3229
4779
1852
6605
5371
9194
4491
7666
5820
7674
8442
1560
2740
7786
439
2377
4469
9520
4554
7320
2232
5668
9827
7191
7951
4191
1564
6028
7949
2965
8128
2225
8720
5662
2932
9906
4396
5583
4578
9668
6073
5117
6410
6169
4096
3542
5955
7405
5900
8295
6192
5995
9946
6957
6840
7358
1008
8927
8508
2653
9040
3202
3194
4584
735
2151
7525
7312
3684
31
9
4760
993
9125
2657
6189
7380
9016
9816
9027
8158
8912
720
9566
111
763
1841
3558
6167
4297
120
5736
8067
7421
1371
1877
5531
5989
8099
6956
8541
7294
5177
9677
2955
5327
353
7309
8712
329
6657
2761
4336
3211
1324
4629
4334
8397
1459
2688
6274
9958
4080
488
4863
2620
5252
958
1435
8275
1714
3734
4886
8564
3529
112
6478
8510
6291
8833
168
7070
4466
692
7601
6026
9865
5111
6289
8061
8575
3135
3039
1145
7477
7757
5134
7090
1360
6698
9650
1072
4639
2676
7820
3067
6352
8850
1965
1192
8318
9258
9956
1354
2870
6408
1091
364
1900
9853
6671
415
4231
6598
2875
7423
3577
6675
6787
5407
9450
9916
911
3948
8220
1981
4646
6415
2336
5708
3957
1377
6154
4689
3252
5652
2889
6347
2592
3878
8890
8856
7468
1834
8201
5096
4143
1022
711
9103
7883
6988
5723
3011
4748
4025
6376
3925
7531
5616
7948
7930
3304
1450
3244
9980
6134
9971
746
8425
8845
1848
2103
3643
1630
7335
252
9159
3560
6199
4964
7490
9250
4476
6548
558
881
6802
6356
6034
2666
8682
4328
6420
3664
2565
7363
3182
6386
4680
572
6962
6182
3390
3775
5933
1096
2847
5273
322
6019
3447
6590
3625
5199
2936
3936
3323
5320
3276
5826
363
2410
9090
4568
6542
2182
4943
7076
6763
5602
4975
2869
5268
4733
2133
3215
5409
7420
8793
872
6301
5533
6009
2956
2595
5947
7579
8075
8463
9271
3834
5817
3572
5009
1200
2639
2072
7407
7009
2184
4927
969
2545
3525
1648
6696
2153
6380
9352
7478
1138
2206
7473
1265
8520
6257
7369
2968
3880
2811
2052
5059
4989
2534
818
8587
9629
4915
2927
1391
1102
8905
6900
69
1892
5139
5689
9133
1545
9421
5864
2656
1731
6187
1234
5482
5601
9355
3989
8514
2909
1638
214
1858
4252
3322
1304
2555
1832
8272
1504
9542
463
721
944
8932
6985
1853
6033
5548
6297
9649
3737
1793
484
6732
5776
5368
2302
123
4925
4342
4991
8031
9077
7994
1056
3256
4088
2432
4097
2667
8830
701
8091
3036
1422
2880
9877
8576
6065
9645
7100
2553
9438
8191
3916
1651
9085
9257
3606
3791
1323
7332
847
963
3053
5954
2881
6120
7748
5695
8410
9680
7492
1633
593
5718
2190
8204
7832
1987
7095
2222
5140
9327
436
6520
8281
553
2048
5861
1105
787
7495
8688
2828
2142
7016
8304
5241
918
619
6874
7094
9824
7027
5375
5593
485
68
8494
4694
9876
6186
3689
3475
6626
2621
2614
1747
282
544
5927
2670
4337
9582
4559
8104
4832
266
6717
7558
4198
2398
9692
2130
7512
503
8582
1146
4115
803
9284
2169
9553
6920
8799
5006
9306
4545
4174
9161
9541
3820
5385
2922
5045
5032
2478
7263
5008
4102
7048
1742
7118
1594
8555
8812
9186
8884
184
3720
7800
8193
9220
9794
7815
7324
7572
7250
2321
3998
7956
6910
1838
9973
8697
6999
8755
9157
5716
2781
4751
1358
400
1053
2865
7157
7218
6261
1182
1207
9441
6536
3597
8873
7535
3219
6694
8174
897
2734
762
4830
2858
1645
7383
6476
6358
109
860
1017
7877
4945
166
2123
4254
9713
3952
5263
7768
2140
1191
473
3892
4664
1076
7141
5686
826
7934
652
2392
7343
7020
3688
3046
2459
5039
1322
9886
4881
568
4781
9136
3186
8218
8093
9967
4596
9508
4467
5663
4150
5608
8362
8641
698
8153
4131
5002
2475
7132
980
401
9121
4897
9513
6097
7962
5699
8735
1999
5388
4109
6031
833
280
6477
2341
9418
7384
6425
8452
3968
5354
539
4173
6271
194
1165
4777
4420
8143
4666
8803
4114
9941
2427
1641
1313
1884
534
5143
9233
1155
1295
4802
8691
2821
5214
9458
7119
7271
1727
9225
7935
9231
9894
3691
5539
9119
2842
6939
3945
9495
986
8851
4001
8178
3531
9991
7344
9048
2654
1819
7997
6463
5189
4513
3787
5801
4853
7914
8640
3451
2118
6234
855
6159
812
7454
2007
5431
9866
6777
293
5655
6150
2199
6128
1163
3337
8921
7436
3356
5446
8877
385
1320
4952
7947
2726
590
9341
2628
150
7554
6252
7113
3183
6585
7727
7051
4958
1507
3973
9170
6191
326
3982
9856
6979
8192
6636
9399
1258
7533
1046
7209
2495
9662
5498
5086
9883
6876
7202
6591
919
6401
4711
3139
2564
822
6499
5022
7039
1429
9932
5644
277
7224
5901
7826
5359
3742
5260
4849
623
410
1709
764
6100
4456
3355
6905
7130
5213
8227
1305
3388
6093
2314
1438
8930
5879
8329
5016
2913
2331
1647
1719
7764
6819
2161
9333
4461
6412
6432
3844
7330
5734
339
6719
121
1993
8496
3932
3047
9775
4823
9369
2353
9093
1652
2800
2280
7744
7891
9168
4006
9714
8216
370
9577
1508
1109
2318
7392
2160
6832
5739
641
5078
8528
5240
8315
1573
1399
1005
300
930
782
7859
5766
6178
6362
2891
5527
3080
9309
7756
6537
1013
7254
3103
1685
5631
2728
4042
7895
8112
7213
9068
9275
2320
8073
672
6098
4996
9038
3908
7329
9787
2826
3054
3120
2885
7481
1070
3728
5819
4111
9919
4350
3330
4274
2002
7403
4425
138
5802
3953
492
7172
7269
6209
4561
7745
1236
6933
4345
1761
3928
8748
2950
4075
3871
8969
6108
1605
7687
926
1728
4994
5038
1844
8780
7758
3901
4790
3705
9874
2857
606
811
6701
7230
2611
6488
175
88
4563
3757
6496
1721
4706
7355
2757
8000
2323
232
9825
2313
6265
2449
7114
4591
6552
1627
7015
5832
1111
8990
3295
6993
2012
7854
2567
5155
7170
7552
6309
3788
8471
9388
9563
784
6857
5112
2256
8376
1521
247
2603
783
9527
886
1894
5443
7701
2244
9400
9512
6227
3311
6764
1591
5330
7308
3519
4638
6981
9358
4204
3077
5236
6899
2416
8306
674
8893
8649
9780
9112
7211
8328
4670
1103
5698
8509
4090
309
3703
7443
7545
643
7940
5457
7791
2446
3847
9745
6258
586
7817
4831
7818
2236
4283
8771
8973
5315
1281
7709
9007
8414
6779
8660
704
932
2507
3075
1781
8687
8251
9703
2557
4431
1259
7158
210
5182
5777
4543
5851
6185
5264
220
7656
3530
9080
8544
6855
2998
5541
8815
510
1880
7864
3903
3364
7838
3434
2438
6948
9201
93
3146
476
8698
8167
8913
2458
9797
1942
3841
9610
7395
9814
7688
1367
1082
8325
1282
5744
7272
8604
5297
221
4128
5620
4974
8411
6771
1086
1164
5300
9847
3024
1149
2546
2068
7993
4144
9943
1695
5292
8989
1257
9212
2316
4016
7475
429
4497
3616
2189
8725
1327
4714
524
380
1629
7318
9473
8524
2412
7595
6844
2096
3649
6738
6283
4587
6794
3208
8098
2649
6727
6084
6852
1746
3498
2170
3168
1571
2479
8859
7607
6789
6834
905
6810
3646
9192
9088
7839
2604
8488
8707
6429
5179
3173
1395
3653
8992
9897
8196
8338
4884
626
3414
7964
3678
359
2000
9001
5550
3379
237
2327
2687
943
9477
3740
4826
4046
7183
9995
420
3149
4917
522
766
9424
3231
1403
9008
9287
4898
4828
7071
6485
4846
9722
4161
8784
7698
9562
45
8448
819
6453
6196
5962
3706
9196
7285
65
6533
6382
1269
5374
1171
5972
9176
6437
2669
7716
823
8027
1752
1787
3329
2530
900
1303
8134
9648
2237
311
1514
1479
5918
8519
2996
2205
2763
1945
1755
7032
5656
4085
4078
1179
5994
9653
8931
4616
8152
2180
3710
3221
7365
4617
975
8982
113
1692
3443
5451
6568
1805
8092
447
6323
1882
9565
9759
9902
2542
7109
1169
1418
2691
3933
7467
9687
718
1572
2790
5436
5318
9181
1745
2823
8865
9785
6736
9506
4279
2387
5399
84
1617
6815
1570
2714
1010
1865
5425
9800
3257
7849
1914
9305
7812
730
7673
7638
3283
5063
3119
5754
8436
3995
925
8260
6133
281
6928
5150
8923
6581
7847
777
1457
743
6666
7493
6632
5319
2136
3682
6337
2883
6584
4742
8118
3227
1495
3603
298
9598
343
3343
2034
6329
4276
2597
8408
6275
742
3319
3069
4214
2700
6268
4493
8991
1246
1806
1780
9014
6022
2046
4488
1544
1797
4043
6809
2143
5683
7014
8039
8274
988
299
648
4988
4356
4537
2079
7357
649
3904
1887
3628
1510
3772
3765
1170
8902
2859
8880
1135
5574
3966
9503
1244
9423
2362
7828
7453
545
20
9584
5206
1657
1485
9982
3835
7653
7483
7235
5928
6218
2421
7497
8177
1216
5256
2915
2134
5673
1272
172
4209
1933
8172
2602
6980
5763
970
3245
612
5452
5230
6851
4566
6469
6644
6292
8828
2264
295
7537
7955
6668
5454
3478
1263
5649
7967
7918
5159
4704
4598
9139
206
2482
7995
2444
408
5551
3111
1132
2108
8357
2514
9303
3293
8895
442
8257
4139
2021
8962
2867
7037
342
8949
8948
9263
3922
3971
7165
7305
4398
8900
5939
8699
5076
4811
8502
5339
9790
4770
8021
1266
5219
1116
8181
423
1318
6168
2039
5534
5411
7863
9934
4753
6579
3264
9867
2292
3962
4449
4296
9721
7257
9205
179
4323
5308
314
2939
450
264
2701
9066
1114
6731
6505
8197
5705
8874
7699
6902
592
699
81
2084
924
922
9905
5067
1664
8767
5990
700
7867
1678
8639
1108
5017
2281
7912
7277
1209
2453
780
4135
8365
8262
5870
183
9228
2114
2290
344
6354
8125
2596
5269
1481
2413
5229
5948
9521
3489
6703
9690
2339
8212
136
3012
8230
8180
3730
2969
6924
9051
9944
5278
5889
1141
9436
6839
5733
9750
7939
7610
744
1663
1736
2283
3490
2300
1543
3836
2901
5552
6672
4325
6665
8477
3587
171
1931
9622
3224
4805
850
6504
8062
5535
9529
4013
3670
7665
4278
2660
5855
3645
9317
6378
30
8807
1776
828
6400
9965
8415
647
9768
5700
8844
8547
837
6775
3176
6656
8526
6109
6653
6373
1667
4662
2742
8636
5790
2066
5434
9880
1287
5582
1161
1345
5585
8144
4405
5916
4348
6018
5234
3037
3090
304
6710
4015
7893
4792
6547
6175
7456
5027
2168
7142
8444
6611
3367
8019
7532
2835
142
4408
7451
6011
4797
3273
2841
7541
8613
7613
3991
4722
7831
3754
6516
7627
4076
5427
3255
1535
8417
360
3324
430
1913
3600
6627
7243
726
1194
291
8239
1253
830
7104
5218
3305
738
5066
1739
6608
5610
2829
9896
9469
7983
1401
7223
841
9413
6788
5728
3825
8979
7064
7082
3738
4773
8722
2285
569
6833
6830
6805
5987
6726
5633
4600
5449
3604
4950
1771
8319
272
9580
336
1223
4236
6317
1849
798
7376
6573
1705
3021
4004
126
5156
2461
5783
3382
6222
443
5865
779
73
386
6952
7431
9316
9213
6040
620
6774
607
403
8279
7760
63
8686
7031
8708
7623
1950
4725
8166
8465
7366
1873
9405
285
9502
1127
9839
8776
1550
242
9846
1489
9533
5642
3986
3536
5238
3262
4158
2121
3266
1211
4192
1515
9222
7584
6328
6270
6212
7762
2440
4301
6523
2402
733
8967
9115
9898
3129
7652
487
5195
8284
6550
3400
5094
1151
5868
8168
6113
8996
7084
4314
3409
255
1642
8666
3112
9986
3144
8655
1699
4942
3375
2434
5688
5833
5681
6110
9207
7175
5724
5643
3753
6954
8323
2935
3774
2146
5505
6606
6659
6770
6037
3230
4049
4767
5714
1035
6487
4125
8462
236
5730
3651
5415
645
5244
8379
167
3493
6712
2279
7725
1123
8684
7694
5174
6381
2484
9152
1679
6153
4383
9654
9887
7462
1580
2588
3038
734
9030
5501
5605
9888
5794
4576
1488
9149
2389
96
7625
2650
204
6600
5357
4406
234
5165
6640
6385
9817
4841
7415
9833
8300
9855
7788
7310
8540
660
9107
6248
2317
1813
3793
110
8250
3147
7208
5483
597
9006
9701
7388
9479
6254
9167
1597
2365
923
3297
9647
3333
3882
3154
2627
8381
1741
3365
6795
5294
9387
3958
546
8296
5810
5907
517
542
4008
9641
2646
5036
6200
4588
5543
4856
2570
5298
5952
122
3068
8469
3708
154
2369
8043
9488
2306
187
3028
8119
599
8843
9516
899
174
9720
5317
4718
1930
1290
125
2519
3034
9578
4430
3145
2003
1622
4674
5526
2945
6768
938
2060
278
4843
6374
634
8347
9265
5450
8634
4194
7028
1710
8654
4899
8680
2144
1982
5612
9573
3315
3126
3553
953
5311
4196
2818
6413
7987
7354
2925
3924
1857
6126
7390
66
151
8683
9394
2208
7984
2816
7979
2433
4072
1052
8100
7813
3943
4048
4437
8718
7801
8096
4419
3207
7549
5615
6860
9383
1009
653
9323
4244
5635
4019
8738
7844
4113
7805
6797
8333
9852
4808
9976
6814
1777
324
5072
5127
3060
658
7749
320
3855
2972
5841
3813
8619
9028
1618
1681
5247
2558
9264
202
2047
9881
6439
2099
4631
9043
8554
1847
9872
5413
4494
1668
9010
5876
8360
59
1754
2089
7608
5338
8137
2827
7093
6583
6050
6566
9633
5645
4610
8626
4968
602
1966
2837
982
5329
755
1541
1288
788
2733
2090
865
4613
1687
8418
5923
3308
457
6977
2312
5378
9761
4647
543
9163
8056
1911
5353
2215
8392
6881
5696
1524
9195
977
5168
9386
2414
77
950
7944
6493
7484
5459
2812
7945
5706
3222
5735
312
1808
4738
9975
7394
5042
1816
6279
3074
1336
4500
3321
9959
5925
9600
1307
4624
3488
6104
6183
358
6231
3312
646
3236
1810
1347
1979
134
8760
4482
6388
9733
7695
4918
5931
3373
7425
374
7618
3794
9314
7754
7721
4291
8958
9183
3629
7054
7671
1436
9809
2423
6139
5630
4054
2637
5401
3975
8205
4464
6238
3430
4970
9345
1534
7461
7753
2014
663
9210
3906
3175
7789
1392
2359
2349
7589
393
8023
3614
4258
2504
4124
5721
7494
2490
1205
5200
7217
6970
9129
921
219
1551
4757
9972
7591
1932
8460
7704
7573
3914
9422
5707
9398
702
2251
498
821
7480
225
4140
2437
3327
7747
9593
7147
1452
6272
260
729
3124
6953
4538
3248
4960
6484
8404
3637
4339
9758
7679
5115
8129
3741
5071
4286
800
5653
654
7297
1012
3272
6506
5402
6969
8648
9738
6375
7686
4207
8572
4262
4801
3438
6253
4564
8589
4169
9100
8451
6462
131
41
6217
4300
856
1491
3978
5221
9723
3497
2420
3999
5128
916
3026
9059
3424
8965
1729
6441
1402
6032
5591
705
6769
588
1600
9530
8215
2589
1407
8829
7446
7617
1660
2991
2954
6149
3599
878
7980
2213
8077
1226
8309
211
6908
4268
9086
5386
813
9751
1561
1964
6269
3862
3729
7267
140
4267
774
6827
5422
2861
9903
8762
2286
3454
7615
1384
7417
1439
6549
817
6001
4937
7115
6780
1621
9773
3511
8145
3770
9064
6240
4618
9370
4739
8896
736
1871
786
4724
4677
8591
4432
2054
6470
6724
9466
3661
9237
2254
3778
129
5011
4577
7769
9219
9613
3417
4768
8950
2976
7718
8607
8656
4642
350
5394
4160
6121
162
4857
5370
1967
307
3346
5808
7249
7520
3397
8380
7981
3056
1918
8084
518
413
7121
5809
2977
3659
6151
9889
3513
1817
3630
7516
9922
1366
7636
650
576
3868
1740
3371
8935
6705
1153
4940
9514
4275
5953
3481
8424
99
7316
14
8611
1004
1861
3894
3456
3804
44
100
7602
9082
2186
9501
8132
1790
9199
9004
1876
1654
1554
2407
8672
6014
5722
3159
3368
5474
7845
8429
2838
7435
5878
1447
9114
1670
9994
107
5265
7876
4935
7705
5005
3798
1079
8208
4021
231
863
2967
669
4903
6391
3334
9254
7970
3471
3495
3235
8458
7258
7011
5814
8461
8986
3160
7654
4933
6143
3950
9273
3797
4794
8521
2273
578
3419
3559
2439
752
3396
8235
7319
4776
1683
3544
8097
4324
7439
76
3246
8721
6302
5884
1473
7707
4499
9239
4980
7931
2175
67
574
9716
3508
6909
2890
5129
1886
1634
5493
26
2406
1757
6854
3441
9763
3769
9301
4605
3391
3013
4565
6450
6157
8834
4370
6812
4346
8277
8883
3420
8467
2116
5164
5404
8291
5180
2943
3921
9951
9764
3701
4552
3792
2201
4621
4441
7743
1277
928
416
9313
6325
5190
3000
2147
1928
2385
5497
9569
2173
2278
8974
8906
2155
7275
5910
5100
9128
2452
2770
5965
2808
9073
1743
357
6989
3057
5305
9049
4678
1943
1526
2194
6366
46
483
717
9246
4411
1676
8054
5958
8348
8600
7920
3083
2354
4366
4444
890
9432
7799
1706
7506
2394
7966
1202
8549
3043
4232
9604
8997
3370
8266
1042
749
6740
6060
4146
3731
3099
34
952
7850
6233
3801
7178
4658
1762
169
6674
9084
3280
2466
3944
2489
2850
4026
9631
1015
8603
4287
1770
4788
4894
9819
7062
4172
2907
2578
7767
82
874
618
7061
8202
4922
1636
249
5853
2276
2550
1540
9177
4071
6152
9475
1711
9391
6023
9776
9882
3551
2229
8223
422
7017
286
189
3623
39
9029
5304
7281
8609
9135
4506
9062
5191
3468
2328
7040
2672
2262
356
6332
2493
5936
2067
7702
3717
8400
6574
1995
3800
3331
6848
313
3281
4038
4865
2544
2109
3896
7989
5996
7174
9033
9726
6146
2678
6310
4380
42
2764
2948
91
7804
8999
2041
9583
1623
2552
2326
1723
3941
6080
1665
8532
6246
4620
5685
8933
611
8804
519
1071
6990
965
5291
7942
1232
2997
6173
869
6693
7075
4981
6338
6353
9095
3644
8265
8033
4458
2448
6267
3790
8367
6662
2560
5281
9262
2070
3362
7534
7005
8229
160
1512
9060
3288
748
2399
7795
6838
1885
6531
6406
9092
9752
3702
1342
1193
5314
651
257
7646
5287
9300
4201
1866
9568
8472
1427
8369
631
7869
6959
1774
7663
1112
4474
6575
7053
7771
8255
3548
1144
4813
2260
4682
3469
7957
7770
9404
2769
629
1311
8786
9954
8375
8658
1606
8050
352
4740
8173
1549
7284
7775
9244
8370
8506
6551
7963
404
5646
7724
7445
8963
7173
4298
7227
5558
170
8175
390
440
2032
6913
2106
2921
6399
561
9360
6458
5113
3768
1349
525
1506
6707
595
9032
4253
6334
101
1472
2124
1655
5465
7145
7286
9445
4242
1414
9712
7382
9746
5640
7772
2380
7487
8038
4708
1245
2629
7732
7680
8637
4713
2360
5553
346
758
5523
610
2356
8047
5660
3101
5664
961
6190
3436
8567
9702
4861
4165
5566
1610
5598
4548
379
7560
407
6281
9185
5336
4397
1415
1078
6058
3699
6664
7797
6567
25
5003
3387
2993
5637
7479
7013
421
4245
7314
3376
2496
4553
178
5131
3510
5980
7807
1453
862
388
6015
3172
9242
6655
7159
1156
2019
4022
9711
1522
3677
3055
5232
6241
7900
4955
355
4112
8163
5613
6324
4463
4399
8316
1814
6228
1820
2748
4453
8596
1172
5135
636
3193
349
6156
5816
3137
9913
8022
9468
6
2120
1
9742
5340
5307
6492
5467
7498
1855
1483
6064
3048
7124
6394
7050
4365
7228
7860
3107
7400
3363
2705
7233
7606
9286
8493
6092
4687
1516
4966
9481
696
7026
4353
804
8484
8696
9878
6350
7387
6021
1098
318
5441
8029
1465
6345
4654
3381
4421
4547
902
5466
1947
196
8219
6239
1140
5123
1480
6072
5863
4715
7138
7216
8363
1639
9929
2400
8225
3170
6758
4023
5632
2234
7557
235
1368
2785
4289
7
208
2709
854
8358
8245
3897
8161
1016
9841
6841
2631
243
7046
573
5471
8443
1563
2223
2651
9651
9298
3596
7127
7245
3267
8332
6609
8605
3247
7221
7116
6107
6000
1464
9169
1958
4523
3608
9914
5984
1128
361
207
7464
7412
754
9021
3582
7941
2729
7370
9538
2018
4495
6804
2990
3693
2217
1400
7003
2892
347
431
5041
4017
5316
302
7899
5362
2783
5544
688
4934
523
2583
644
4681
8622
4896
7222
7905
9339
434
835
7561
4381
904
3314
4376
3465
306
1262
957
2585
4434
4944
1635
9234
3537
9011
6451
3934
1497
7327
2025
78
3492
5267
2569
8822
1520
3395
5069
6762
6081
9372
4407
4101
5288
5586
2501
509
8602
8499
8818
5070
7047
7241
9497
2494
362
9557
4807
4081
7302
7206
4786
8724
453
6308
7903
5924
6893
3917
5222
8361
4206
3361
3347
4607
9858
182
5046
7334
4223
8385
8045
6285
761
6483
269
1027
9806
9278
6580
1175
1766
7389
1203
6508
2030
5271
9807
4844
1390
3566
3440
809
4104
1775
504
7437
6340
3093
9431
4520
8324
2472
8475
9198
9142
6847
8675
1142
9151
8651
148
956
940
6747
6539
1085
481
4693
49
9730
5757
5731
1276
1011
4879
4030
9408
8030
3534
5944
9837
335
9992
556
6216
1909
8728
9691
5579
2470
367
5949
3162
9320
3030
7096
2538
3723
7836
1466
9933
9218
4645
8070
5097
4882
1074
8123
2131
2216
4657
2086
5082
8456
7266
7755
3585
8248
6750
4756
9620
690
7133
185
6148
627
2008
1869
6925
1883
664
9348
95
4117
3780
391
9642
3919
8842
7829
4202
8584
3261
2056
6003
8476
3473
5373
797
9678
3199
6884
3676
6482
6778
8421
4496
2647
5609
1970
8705
1603
1612
7087
8449
5793
5946
5974
768
5670
3732
9611
5056
707
8207
9519
1730
8903
8759
8536
1181
444
2882
1878
9543
301
3476
3496
6637
8857
2247
3326
9559
1502
5677
4412
964
9875
2753
722
6280
3092
1477
4546
7902
2094
8709
3863
7059
7858
1509
9215
5064
6578
4118
6866
5173
3927
6195
3150
1842
8403
1539
9575
6010
1242
4866
579
8517
3416
7236
1955
4758
9375
2523
9270
4369
7291
3203
7300
1243
1019
3461
5197
9490
2617
2063
6975
565
7526
4597
4709
9392
8537
1788
5742
4633
1463
4335
4684
4427
3833
4611
8894
3783
1826
3238
9801
9652
1184
4532
8302
1007
348
5020
9261
9937
9737
4973
8947
4243
9778
1890
1828
2730
1649
6757
3457
915
3655
6260
2460
223
4549
2117
967
7640
2013
4785
7416
3427
1732
2962
2624
3898
4197
6856
5455
1553
3622
1759
4367
8946
4731
5680
8525
4355
4533
757
3739
3232
2796
1546
4699
3174
2836
8872
5545
1185
3354
5578
103
7255
8741
5797
2799
4340
3546
6527
6364
802
9835
8627
1801
3767
203
9283
3296
9496
1437
4875
7605
8182
8513
2111
7632
4602
3826
1240
7401
7500
4014
1558
7810
8594
4512
661
2426
2230
6481
7252
695
6836
1461
903
8447
4147
7630
808
8017
816
2605
6518
455
1486
6911
2374
248
7872
6571
8957
9319
5890
2960
52
2579
9131
21
4747
4872
1589
6099
7450
1557
2515
6102
6201
5929
9440
9160
807
566
5085
7509
4436
1352
7331
6595
9382
8617
5030
2876
9836
8729
3051
7910
9826
7055
6896
3818
7711
5074
5023
4357
4972
7034
7522
2771
4503
3672
2775
9638
1669
4260
4571
4059
3132
5937
5227
6509
3683
3491
2483
2345
9546
2289
7019
3303
1388
4221
1818
8217
4601
7200
1235
5481
1214
825
4187
5328
1363
2368
4410
1566
2683
4027
5215
4058
5187
8888
4544
229
9970
5051
2485
9334
9900
5343
1673
371
5600
3082
2092
4735
4509
1753
9671
4590
2126
7459
8402
5577
2612
6498
6739
3061
2324
8898
1188
2864
9145
6617
2100
8539
1691
1689
6236
6155
9795
5403
2397
9034
7975
4741
5572
1036
2633
1110
4734
6184
9209
4439
8550
8368
5301
397
9393
4108
4222
5666
7339
5942
7063
713
1442
1765
3302
3866
7866
2746
9640
6708
7645
8150
2351
1908
4142
639
1827
6414
8809
1737
5475
2574
6661
9996
9357
4306
9947
2755
6915
6718
8663
5306
2963
7360
3685
7140
3006
5257
1684
6995
5358
9146
789
4485
3142
7359
5799
6737
2255
218
1712
5747
7523
4292
3760
2480
6853
6849
3389
2512
868
1959
180
8121
563
2966
6004
4837
4504
4378
4732
7586
1131
1031
4998
2871
5176
72
5089
7590
6570
9509
839
2754
3418
6648
7237
7377
5800
9216
8673
3816
8907
5352
5144
4595
4904
9144
9626
677
2361
3983
1607
8717
1119
7841
8186
9564
1001
2128
6825
5764
7035
4188
3568
3155
6447
254
5075
5184
3435
858
7197
9924
3065
454
3358
7922
4305
7362
9099
2371
3032
8710
2363
5107
7643
2680
709
4375
5285
4982
3547
2801
3384
2979
9915
9061
273
4900
433
2404
9698
6085
1585
7364
5661
173
3771
605
4612
8832
2572
4809
164
1703
5142
3242
4479
5701
9130
244
2694
4967
9403
2071
3902
1565
1018
8438
2693
6455
3724
9710
2006
4186
1833
1963
6514
3576
5277
6045
246
4876
86
1238
333
5519
4593
6290
5225
1919
7180
840
1783
4238
3611
43
4478
8578
6396
6772
914
4457
201
5
9020
2080
9122
3621
6974
5296
1220
2866
9184
7657
1860
2248
5991
9274
482
2745
9666
5472
5743
6298
4774
2953
190
536
642
987
2510
5130
1825
402
4083
6066
9804
5784
6369
2422
3812
4256
4978
2491
5726
1749
489
6765
8868
4311
4050
9311
5282
9754
127
7548
1346
5760
9485
1306
8422
9925
2711
2148
6250
6886
4110
5448
716
2298
3218
8892
5084
9302
587
8766
1927
9083
5857
2209
1033
9137
1088
7190
7848
2584
4542
1608
181
3480
8286
4986
9536
1961
2737
4486
1773
7396
5126
1343
2308
9118
9765
3249
8887
5366
8876
1279
9601
5468
8941
9921
2822
4361
369
1404
632
3201
2718
8364
153
5513
6475
5542
9154
2428
5692
5390
6670
7596
8341
995
2058
9952
9879
2303
330
7504
6645
3642
6002
4134
7406
9544
7244
1301
9143
496
8455
8087
3477
1208
2450
4374
7402
9684
6799
2804
5146
6131
4696
6963
5147
5083
9148
3351
6743
4688
8836
9304
1212
3679
8643
5504
4176
8614
2250
513
2830
1044
8901
8115
3864
2845
3821
188
8103
8480
9628
4247
2224
6742
5014
1845
4157
3449
772
9579
191
2809
8970
7917
907
4836
1057
3650
8548
6372
6646
3923
7938
6319
156
9984
5034
5435
2110
1898
7880
5684
8694
13
9253
2851
9353
8765
6941
3479
5283
8944
3198
98
2193
5977
4501
1923
7164
5796
7427
8331
4874
6955
7547
9245
7304
740
2581
2872
2679
97
2167
9248
8977
4992
4812
1063
9206
1980
2418
9397
852
3483
4394
1456
3658
3829
4250
4540
2773
2076
9615
9223
505
4622
6806
2259
4483
9621
1462
8252
409
2528
3167
4471
9203
53
372
6842
8058
9978
8353
2447
5062
7855
4867
7792
3715
1602
2884
5119
6171
1893
8226
2609
9197
9540
6448
3785
7566
466
5461
4199
3239
4824
2322
9110
7600
5079
9528
5882
3859
4217
117
2473
1768
5101
3393
4018
3912
1975
9499
2245
4685
6965
5138
5788
6885
3808
4315
6616
5807
6162
8346
4923
3022
5713
4387
8190
8706
5755
435
1593
5951
1408
209
8487
233
4228
5710
778
1139
1385
949
12
3745
3749
1260
5711
2091
1619
9923
3726
9739
6503
2712
4712
1424
1430
583
2986
2917
8908
4326
6919
9235
5969
5284
7505
1601
8293
8068
3187
5596
8479
1221
4418
4234
8652
9361
8198
2992
2940
7619
3114
9617
8690
8327
3216
7888
5580
7455
7283
5976
2304
6972
2181
7273
7992
4653
9705
5667
6576
2695
5844
4077
5202
159
5157
3403
4514
1058
4074
8657
8188
9071
8940
1997
7882
927
2239
3335
1494
8040
8037
972
7759
4294
4133
880
5902
1129
8988
5607
2524
3707
4477
4332
2122
2911
4719
143
6433
8046
1735
3935
4766
1613
5421
7060
2912
1294
1764
9803
1449
2042
5192
3029
2210
2814
3640
6025
6295
8972
3926
5815
1978
5945
7491
5242
9238
1467
531
3353
3967
2050
1029
5235
9694
1476
9377
4257
5276
4567
9999
7692
8704
621
8032
1899
289
2078
6041
8993
4582
2641
8107
2403
1513
996
838
8860
7835
479
4426
2329
4212
4796
6692
4589
4679
6147
4094
7472
2725
4034
2923
7276
5136
4750
7307
7012
8483
637
2258
3996
5104
2157
6125
2699
8826
9395
2658
3527
684
4106
4560
3533
3001
4880
9706
8057
5993
8342
7242
3254
3228
909
1067
1356
261
2381
7260
6828
1537
4179
3271
7543
548
6224
4730
6069
4060
8335
2113
8644
8094
2266
9953
4839
1542
2164
9055
1624
382
6501
2723
3722
1256
3463
1767
4452
2162
935
7585
124
6706
2443
3138
3532
6443
8314
1895
4364
1280
9072
4211
5798
7024
5019
5782
9838
1490
8743
4011
3613
2277
8559
6678
3777
2305
8733
1897
2415
9586
3044
7612
6181
767
2036
8155
9783
3889
7419
4675
331
1470
8095
6558
3979
991
3588
1168
4347
1365
2202
2040
3563
1595
8869
2710
4762
3105
2497
334
3799
4470
9587
1929
3860
3680
7583
2825
1421
5433
7391
1092
9482
2141
6480
4443
2026
1870
3877
9572
6818
5321
5163
5272
8713
5787
2346
6781
4447
1582
1672
2938
2464
316
3669
8586
9683
8428
3217
7379
3920
3748
8179
2853
9571
6262
3711
4916
9686
974
7700
3072
8788
9187
4907
9067
2521
6278
3094
2630
2905
1784
6823
2984
931
2792
5651
7803
4660
8763
8240
1351
5516
3969
4954
6532
2417
8752
2293
2894
3602
8183
7381
3328
7430
4574
1815
1124
274
3663
1809
933
1227
2840
7793
6966
224
3824
8159
2492
1190
4518
8169
3946
4052
945
8162
263
6304
468
2087
4930
5899
1772
5216
1113
5554
3888
7782
9277
7212
668
8863
2988
7857
6422
5488
7499
7079
8624
2378
6898
507
917
3885
9308
2928
7187
3843
9340
8744
1713
739
9831
51
3458
475
1889
8015
625
9552
6602
9117
9597
9955
7043
2634
8961
9570
5639
2735
5905
8059
8377
7565
4079
4969
3359
2888
9630
4745
6863
6998
1176
1055
5932
6355
3900
4626
2791
7125
58
1807
6629
5087
6335
2782
8568
1444
5049
3668
3662
4517
3023
2132
1694
6277
7485
501
9657
5484
1255
1432
7660
2037
6112
5575
1158
3848
3015
8210
8936
1756
7107
8727
6346
7530
119
2257
9429
3993
8280
2431
2220
2102
5837
6697
8904
731
9590
8966
8206
6663
8297
2033
9811
3809
3234
2941
6926
5376
894
1523
5412
5055
451
2401
9134
9396
9389
4091
5511
9907
8003
9243
8474
4669
2779
3018
9279
1620
2163
6535
2457
6130
2606
4782
2625
1578
3870
1396
7527
8278
1426
6745
3911
2159
6067
3428
7404
3581
9266
2393
1656
8413
2269
6519
3002
1527
3763
727
4531
910
5196
4608
554
7185
2513
6930
6864
1100
2419
6036
2874
6160
2675
7117
7825
3692
4746
414
7122
3696
2334
3657
971
2297
4084
4229
9917
1804
2622
557
1659
9132
728
773
7890
6820
6259
9522
9547
8959
4850
6118
7581
7203
5344
8390
8886
2344
1441
8416
2149
9818
508
8440
7553
2879
8952
9985
1862
499
8283
6890
212
8501
640
9379
2098
4659
8791
425
5823
2738
3618
1268
7321
8719
2778
5261
2031
8350
8527
6982
3413
8386
9756
6713
7856
4913
5210
193
6403
5537
6440
199
36
997
7675
1856
6744
4793
7986
1122
6286
5099
4428
9554
9670
8954
4240
114
1107
2246
685
4261
7582
7126
4035
3268
832
844
2762
8450
2238
1744
5549
5424
6244
4947
258
3521
8308
4423
3059
9430
1468
458
7639
5469
5186
6017
7911
7356
6266
7447
5331
3545
942
128
1189
8016
7622
5941
2543
5188
5921
3823
2383
245
4056
9556
9740
8723
2648
7712
4099
8233
864
2390
8124
1003
17
4963
9226
7194
7229
8298
8632
215
2127
1389
3573
3223
9753
2973
3178
3349
478
6973
1350
6748
820
741
6530
7292
4870
9150
2526
8646
327
1830
8355
6798
3638
1101
8310
7651
2806
2263
7444
8026
5997
1937
4984
9039
3951
4277
4442
1505
7924
213
4401
9179
3422
4329
875
500
9945
3647
887
157
7999
3589
8635
2469
4317
9558
2518
6203
895
7378
9857
2774
6525
7232
2897
8012
3727
6141
192
2947
6652
1977
4961
7577
1064
9581
4784
8002
338
5389
2430
8078
5365
8601
3285
8960
3437
387
7471
7536
2856
7897
1045
8388
4609
1296
341
4858
4065
4703
2115
3736
7482
5419
6901
6202
424
3733
7465
