831
735
726
62
819
513
293
340
864
302
501
660
48
411
548
641
239
82
132
91
711
908
303
110
424
124
376
298
973
807
593
181
996
650
607
352
528
438
694
822
348
86
286
628
557
378
789
897
840
606
41
474
262
944
393
84
297
856
409
209
210
402
256
483
496
145
323
168
994
264
924
565
938
635
834
232
506
664
744
949
396
931
676
752
582
445
9
966
963
983
149
927
22
251
394
720
67
771
768
867
257
339
430
491
920
883
21
194
708
534
320
61
268
765
479
602
827
604
796
453
674
723
518
799
12
310
525
655
947
716
463
781
654
553
733
939
713
204
493
187
798
305
81
295
403
191
960
645
74
686
624
464
337
245
367
56
559
90
990
353
6
536
243
427
592
388
608
814
312
857
561
978
153
26
33
730
704
492
504
405
691
662
512
647
598
551
454
568
107
343
192
373
552
189
683
80
999
899
314
165
282
748
40
837
116
407
741
888
909
157
248
876
969
448
646
923
802
675
252
433
250
544
244
848
738
78
311
901
101
636
792
242
707
731
895
169
385
663
366
954
174
511
629
522
885
725
46
141
93
450
127
154
936
43
564
863
634
147
296
324
563
98
106
750
162
681
665
212
382
617
122
291
313
322
524
357
575
54
745
740
849
363
870
175
535
34
267
64
971
517
495
882
36
560
991
934
475
906
235
756
948
85
436
229
53
540
894
136
484
979
104
466
531
319
942
299
589
821
285
421
490
126
69
246
400
696
99
570
917
467
537
134
108
816
307
715
955
270
859
682
207
190
871
832
446
469
316
437
96
763
926
538
114
28
873
724
547
458
223
258
497
833
25
184
591
783
115
247
17
651
505
609
390
815
643
992
632
638
843
757
839
417
185
791
123
577
706
687
657
526
627
201
806
736
566
451
442
892
515
586
640
997
83
932
344
567
372
473
481
370
753
415
397
338
486
460
13
143
600
578
728
254
71
196
273
672
103
171
94
487
611
776
784
766
959
585
746
659
360
550
521
499
55
851
719
620
569
945
429
15
200
889
823
880
423
346
690
255
841
356
327
23
743
972
808
782
89
173
826
275
679
862
709
527
182
555
721
545
800
732
284
677
332
546
699
308
488
785
861
193
354
803
8
224
330
60
63
695
896
4
208
178
900
234
129
770
995
334
156
361
698
780
419
472
35
562
159
399
377
622
413
596
449
788
102
937
374
941
615
710
786
758
128
121
432
977
59
890
155
829
904
810
835
572
542
613
359
401
205
930
884
705
197
30
440
333
280
584
727
350
203
680
113
42
912
599
793
289
414
830
326
188
494
678
222
236
703
905
10
809
230
556
11
276
935
984
404
408
206
329
956
133
139
631
135
594
658
853
974
712
987
714
630
160
263
292
865
794
461
29
940
274
580
588
946
579
887
742
425
532
14
57
44
989
76
510
380
790
391
470
644
668
119
601
441
671
854
27
220
697
52
688
670
167
764
903
49
389
761
605
112
287
198
967
684
503
420
456
533
482
619
626
858
653
214
480
648
476
689
910
95
554
597
852
824
477
68
140
749
755
866
109
869
845
773
595
315
801
277
50
447
539
1
921
398
549
266
918
422
331
759
51
812
478
137
509
751
179
574
985
146
227
516
529
877
216
100
471
439
158
183
211
387
576
20
125
603
261
199
233
881
37
558
260
58
384
176
573
842
633
371
231
886
392
502
217
652
981
269
39
221
929
797
148
523
621
177
718
150
435
739
290
325
637
455
872
73
616
144
375
238
507
364
180
195
351
489
804
498
130
915
418
957
459
623
928
952
642
358
186
79
902
237
72
117
878
281
341
19
428
610
925
722
988
301
737
825
170
590
693
700
225
625
172
850
747
226
913
976
300
734
777
468
860
118
943
587
328
968
962
271
166
583
321
219
982
769
294
543
288
31
818
66
879
164
77
685
893
120
379
933
762
993
87
218
779
304
891
898
151
259
701
336
365
965
667
485
836
1000
639
342
986
958
345
457
649
241
16
65
520
283
416
519
729
508
2
24
855
874
462
774
813
975
369
795
666
443
571
228
964
661
249
998
253
18
381
92
38
465
278
45
868
202
306
692
32
530
318
395
75
383
846
907
88
362
347
980
452
754
844
279
240
922
656
7
349
335
410
847
838
152
817
70
265
142
717
778
163
412
673
426
213
775
618
953
406
47
914
787
131
820
805
875
500
309
950
772
161
612
702
961
368
614
811
669
272
581
97
355
386
970
317
3
951
828
105
431
138
5
541
434
911
514
215
760
444
767
916
111
919
